0005007
0106271
0205002
0304609
0911.2717
0912.0580
1002.0532
1006.1019
1006.1244
1006.1919
1007.5091
1104.5539
1106.0706
1111.6218
1203.3951
1211.4720
1212.0935
1303.5910
1307.1905
1405.3342
1405.7175
1406.5954
1406.7735
1407.0009
1408.2701
1409.7229
1412.6965
1501.01282
1502.06378
1504.07327
1505.04618
1506.02531
1507.04065
1509.02152
1509.04366
1511.05324
1601.04535
1602.01013
1602.06406
1603.08853
1604.05479
1606.03701
1606.04648
1606.06137
1606.06905
1606.07056
1606.07103
1606.07219
1606.07287
1606.07565
1606.07608
1606.07660
1606.07869
1606.09452
1611.03226
1611.06792
1706.00667
1706.03757
1706.04922
1706.08746
1707.05409
1707.06112
1707.07270
1707.07605
1707.07660
1707.07700
1707.07792
1707.07804
1707.08275
1709.09302
1711.02624
1711.08387
1801.07736
1803.04188
1803.09200
1804.07915
1805.00787
1805.04510
1805.07591
1807.01645
1810.02689
1810.11388
1811.00606
1811.01452
1811.06868
1811.07234
1812.00501
1812.03632
1901.05228
1901.09444
1902.05984
1903.01344
1904.06946
1904.09068
1905.12786
1906.08237
1907.06484
1908.02425
1908.05391
1908.07393
1909.03290
1909.03527
1909.08041
1910.00553
1910.07000
1910.14659
1911.03534
1912.03585
1912.08555
1912.12284
2001.10382
2002.00849
2002.05190
2002.05607
2002.08119
2002.11385
2002.12804
2003.01157
2003.01373
2003.03238
2003.10807
2004.02135
2004.05757
2004.07159
2004.07683
2004.11579
2004.14503
2004.14550
2005.08365
2005.11401
2005.14165
2006.13259
2007.00814
2007.12988
2008.02930
2008.11305
2008.13613
2009.04445
2009.08973
2009.10270
2009.13013
2009.13815
2010.03438
2010.03648
2010.09635
2010.10252
2010.11939
2010.14087
2011.04748
2012.00195
2012.03900
2012.07528
2012.11937
2012.14862
2102.00166
2102.02096
2102.07594
2102.10264
2102.13012
2103.01075
2103.09548
2103.16091
2104.00096
2104.02526
2104.07198
2104.07567
2104.07800
2104.08663
2104.12016
2104.12369
2104.14979
2105.02182
2105.06232
2105.07998
2105.13073
2106.00882
2106.05589
2106.07854
2106.08019
2106.14720
2107.01875
2107.02192
2107.05720
2107.08329
2108.01442
2108.03586
2108.06084
2108.11012
2108.11836
2109.02102
2109.08133
2109.09055
2109.10086
2109.12702
2110.00760
2110.02067
2110.08118
2110.13229
2110.15089
2110.15919
2111.05204
2111.06230
2111.10261
2111.11331
2111.13853
2112.00653
2112.01488
2112.05662
2112.08486
2112.08726
2112.13946
2112.14169
2112.14318
2201.02757
2201.03356
2201.05918
2201.07745
2201.09518
2201.09680
2201.11086
2201.11657
2202.03119
2202.03371
2202.06307
2202.12917
2202.13500
2203.00537
2203.01570
2203.02094
2203.06211
2203.07580
2203.07781
2203.08745
2203.11399
2203.13056
2203.13088
2203.13224
2204.00603
2204.01321
2204.05832
2204.06745
2204.07580
2204.08241
2204.09248
2204.10628
2204.11314
2204.11373
2204.12567
2205.00320
2205.01941
2205.02517
2205.02870
2205.08180
2205.09140
2205.09420
2205.11685
2205.14217
2205.16005
2206.02963
2206.03659
2206.05696
2206.07836
2206.08021
2206.08155
2206.11612
2207.01674
2207.01780
2207.06014
2207.08087
2207.10563
2207.13443
2207.14255
2208.02402
2208.02432
2208.05393
2208.05462
2208.09222
2208.10707
2209.00532
2209.03891
2209.06792
2209.07662
2209.08284
2209.09724
2209.09772
2209.11044
2209.13627
2209.15197
2209.15202
2209.15301
2210.00131
2210.00613
2210.00754
2210.02305
2210.05509
2210.06095
2210.06525
2210.11512
2210.11807
2210.12084
2210.12777
2210.14140
2210.14199
2210.17432
2211.01587
2211.04236
2211.08142
2211.09748
2212.00229
2212.00258
2212.01340
2212.01610
2212.02175
2212.02936
2212.06552
2212.07588
2212.08946
2212.10400
2212.14155
2301.00709
2301.03887
2301.04036
2301.11118
2301.11600
2302.00571
2302.03896
2302.09051
2302.09419
2302.10150
2302.10382
2302.10978
2302.13110
2302.13112
2302.13275
2302.14785
2303.01994
2303.02437
2303.02630
2303.05153
2303.06691
2303.08112
2303.14375
2303.17695
2304.02169
2304.02541
2304.02754
2304.03401
2304.03843
2304.05511
2304.06762
2304.08912
2304.11721
2304.12631
2305.01513
2305.02104
2305.02320
2305.02328
2305.02466
2305.03291
2305.03571
2305.04853
2305.05050
2305.05898
2305.06615
2305.07614
2305.08680
2305.08804
2305.09556
2305.09838
2305.10438
2305.10445
2305.10588
2305.10614
2305.10703
2305.11455
2305.11744
2305.12676
2305.12987
2305.12990
2305.14485
2305.16426
2305.16614
2305.16958
2305.17116
2305.18144
2305.18322
2305.18657
2305.18846
2305.18952
2305.19435
2306.02243
2306.02371
2306.03509
2306.04039
2306.04660
2306.07196
2306.07206
2306.07875
2306.08020
2306.11397
2306.12657
2306.13467
2306.14112
2306.14628
2306.15430
2306.15766
2306.16143
2306.16854
2306.17757
2307.02313
2307.04090
2307.04601
2307.10220
2307.10747
2307.11966
2307.13181
2307.15593
2307.16396
2307.16638
2308.00762
2308.01317
2308.02647
2308.02926
2308.03421
2308.04138
2308.04215
2308.04519
2308.04625
2308.05935
2308.06965
2308.07752
2308.07940
2308.08378
2308.08904
2308.09454
2308.10347
2308.12022
2308.15022
2308.15727
2308.15813
2309.00001
2309.05494
2309.08185
2309.10413
2309.11087
2309.14323
2309.16357
2310.02361
2310.03491
2310.04477
2310.05424
2310.06404
2310.07289
2310.07560
2310.08891
2310.09044
2310.09130
2310.09350
2310.09716
2310.13002
2310.13566
2310.15205
2310.15735
2310.16568
2310.16605
2310.18348
2310.19527
2310.19572
2310.20204
2310.20352
2310.20501
2311.01580
2311.06401
2311.06771
2311.08391
2311.14084
2311.14766
2311.15110
2311.15563
2311.15923
2311.16892
2312.00774
2312.04763
2312.05708
2312.05925
2312.09508
2312.09806
2312.10747
2401.01469
2401.01511
2401.01943
2401.05444
2401.05856
2401.07655
2401.08138
2401.17191
2401.17880
2402.00345
2402.00591
2402.01935
2402.02643
2402.03055
2402.07647
2402.07754
2402.07818
2402.09508
2402.11890
2402.12038
2402.12686
2402.12997
2402.13234
2402.13897
2402.14172
2402.14290
2402.14480
2402.16829
2402.16886
2402.17081
2402.18048
2402.19091
2403.00807
2403.00820
2403.02875
2403.03496
2403.04162
2403.04256
2403.04374
2403.09747
2403.13446
2403.13468
2403.13901
2403.15426
2403.15501
2403.15729
2403.16345
2403.16614
2403.16825
2403.18350
2403.20022
2403.20163
2404.00450
2404.00859
2404.03623
2404.04169
2404.04332
2404.07220
2404.08685
2404.08695
2404.08816
2404.09167
2404.09221
2404.10779
2404.11163
2404.12457
2404.12458
2404.13077
2404.13357
2404.13950
2404.14222
2404.14408
2404.15578
2404.17288
2405.01403
2405.02503
2405.02580
2405.03133
2405.03852
2405.03989
2405.04713
2405.04758
2405.06699
2405.07046
2405.13019
2405.13046
2405.16153
2405.16546
2405.17534
2405.18421
2405.18682
2405.18710
2405.19675
2405.20139
2405.21022
2405.21048
2406.00010
2406.00029
2406.00053
2406.00057
2406.00337
2406.02009
2406.02897
2406.03367
2406.03707
2406.04369
2406.04633
2406.05514
2406.06399
2406.06575
2406.07424
2406.07496
2406.07990
2406.08105
2406.08420
2406.09320
2406.09621
2406.10492
2406.10847
2406.10852
2406.11460
2406.11706
2406.11860
2406.12023
2406.12161
2406.13399
2406.14907
2406.15593
2406.15658
2406.16372
2406.16383
2406.16985
2406.17276
2406.17282
2406.19018
2406.19271
2406.19537
2407.00978
2407.01403
2407.03637
2407.03937
2407.03964
2407.04528
2407.04573
2407.06855
2407.06992
2407.07858
2407.07972
2407.08127
2407.09693
2407.11077
2407.11548
2407.12982
2407.13757
2407.14609
2407.15462
2407.15780
2407.15831
2407.18044
2407.19393
2407.20750
2407.21046
2407.21229
2408.01173
2408.01556
2408.02311
2408.03811
2408.04023
2408.04661
2408.04884
2408.04910
2408.04913
2408.04948
2408.05283
2408.05330
2408.06333
2408.06357
2408.08901
2408.09236
2408.10261
2408.10435
2408.11252
2408.11557
2408.11903
2408.13432
2408.14236
2408.14871
2409.00131
2409.00151
2409.00331
2409.02304
2409.02481
2409.02728
2409.04329
2409.05633
2409.05780
2409.06062
2409.06131
2409.06179
2409.07497
2409.07606
2409.07618
2409.09046
2409.09258
2409.09717
2409.11148
2409.11589
2409.12136
2409.12512
2409.13345
2409.13456
2409.13699
2409.13997
2409.14057
2409.14899
2409.15892
2409.15897
2409.15988
2409.16760
2409.16813
2409.17519
2409.17536
2409.18003
2409.18677
2409.20181
2409.20259
2410.00004
2410.00907
2410.01306
2410.01573
2410.02757
2410.03049
2410.03071
2410.03136
2410.03576
2410.03754
2410.04231
2410.04245
2410.04380
2410.05731
2410.06524
2410.07551
2410.09090
2410.09629
2410.09662
2410.10039
2410.10700
2410.10799
2410.10855
2410.11370
2410.11371
2410.11843
2410.12292
2410.12859
2410.12862
2410.12890
2410.13118
2410.13272
2410.13339
2410.14057
2410.14154
2410.14157
2410.14479
2410.14721
2410.14948
2410.15154
2410.15188
2410.15284
2410.15531
2410.15801
2410.16207
2410.17112
2410.18441
2410.19084
2410.19762
2410.20034
2410.20050
2410.20301
2410.20444
2410.21000
2410.21242
2410.21357
2410.22046
2410.23156
2410.23815
2410.23869
2411.00294
2411.00743
2411.01030
2411.01039
2411.01451
2411.01458
2411.02005
2411.02617
2411.02831
2411.03688
2411.03957
2411.04539
2411.05034
2411.05649
2411.06151
2411.06254
2411.06660
2411.07156
2411.07975
2411.08248
2411.08299
2411.08529
2411.08562
2411.09166
2411.09169
2411.09834
2411.11006
2411.11479
2411.12880
2411.13691
2411.13754
2411.15661
2411.15806
2411.16139
2411.16821
2411.16985
2411.17799
2411.17800
2411.18147
2411.18162
2411.18814
2411.19295
2411.19718
2411.19774
2412.00125
2412.00373
2412.00802
2412.01115
2412.01145
2412.02835
2412.03193
2412.03220
2412.03592
2412.04948
2412.04977
2412.06014
2412.06828
2412.06954
2412.07189
2412.07668
2412.08937
2412.09169
2412.10008
2412.10313
2412.10745
2412.10982
2412.11056
2412.11652
2412.11855
2412.11919
2412.12072
2412.12456
2412.13018
2412.13786
2412.14373
2412.14751
2412.15235
2412.15246
2412.15529
2412.16152
2412.16311
2412.16382
2412.16500
2412.16701
2412.16725
2412.16855
2412.17075
2412.17159
2412.17171
2412.17250
2412.18232
2412.18431
2412.18713
2412.18768
2412.19048
2501.00257
2501.01203
2501.01832
2501.02511
2501.03468
2501.03676
2501.03902
2501.04040
2501.04796
2501.04802
2501.04858
2501.04897
2501.05435
2501.07024
2501.07063
2501.08540
2501.09290
2501.09749
2501.09859
2501.10322
2501.10483
2501.10534
2501.10582
2501.10871
2501.11499
2501.11721
2501.12751
2501.12857
2501.13375
2501.13746
2501.13851
2501.13880
2501.13954
2501.14101
2501.14434
2501.14459
2501.14466
2501.14634
2501.15067
2501.15624
2501.16673
2501.17039
2501.17181
2501.17718
2501.17994
2501.18536
2501.18663
2501.18824
2502.00305
2502.00385
2502.00507
2502.00669
2502.00870
2502.01059
2502.01549
2502.02189
2502.02764
2502.03264
2502.03622
2502.03984
2502.04666
2502.05233
2502.05415
2502.05738
2502.06252
2502.07184
2502.07555
2502.07938
2502.08119
2502.08142
2502.08246
2502.08638
2502.09209
2502.09211
2502.09304
2502.09658
2502.10352
2502.10477
2502.10497
2502.10687
2502.10696
2502.11175
2502.11308
2502.11562
2502.11721
2502.11811
2502.12033
2502.12438
2502.13329
2502.13506
2502.13719
2502.14361
2502.14366
2502.14727
2502.14759
2502.15182
2502.15455
2502.15572
2502.15583
2502.16101
2502.16173
2502.16641
2502.16767
2502.16794
2502.17057
2502.17496
2502.18108
2502.18118
2502.18139
2502.18460
2502.18465
2502.18471
2502.18695
2502.18725
2502.19041
2502.19202
2502.19249
2502.19280
2502.19628
2502.19712
2502.20245
2502.20576
2502.20622
2502.20812
2502.20936
2503.00501
2503.00612
2503.01478
2503.01819
2503.02453
2503.02812
2503.02844
2503.03660
2503.03920
2503.04232
2503.04418
2503.04542
2503.04606
2503.04788
2503.04800
2503.05037
2503.05530
2503.05860
2503.06048
2503.06060
2503.06474
2503.06479
2503.06499
2503.06526
2503.06734
2503.06879
2503.07014
2503.07519
2503.07670
2503.07853
2503.08452
2503.09902
2503.10726
2503.10970
2503.11924
2503.12383
2503.12926
2503.13707
2503.13942
2503.14234
2503.14802
2503.14887
2503.14957
2503.14976
2503.15191
2503.15231
2503.15737
2503.16530
2503.17507
2503.17726
2503.17936
2503.18050
2503.18213
2503.18253
2503.18491
2503.18502
2503.19469
2503.19867
2503.19900
2503.20556
2503.20793
2503.21322
2503.21804
2503.22900
2503.23013
2503.23033
2503.23239
2503.23315
2503.23512
2503.23523
2503.24193
2504.00409
2504.01101
2504.01403
2504.01538
2504.01553
2504.02122
2504.02132
2504.02395
2504.02904
2504.02976
2504.03635
2504.03639
2504.03971
2504.04065
2504.04861
2504.04988
2504.05181
2504.05216
2504.05276
2504.05324
2504.05425
2504.05523
2504.05527
2504.05697
2504.05846
2504.05855
2504.06416
2504.06543
2504.07421
2504.07583
2504.07754
2504.07803
2504.08231
2504.08621
2504.08748
2504.08752
2504.08792
2504.08930
2504.09249
2504.09277
2504.09353
2504.10147
2504.10250
2504.10326
2504.10529
2504.10545
2504.10613
2504.10829
2504.11200
2504.12773
2504.12972
2504.13054
2504.13587
2504.14098
2504.14282
2504.14326
2504.14493
2504.14845
2504.14858
2504.14891
2504.15135
2504.15302
2504.15371
2504.15683
2504.15983
2504.16005
2504.16031
2504.16219
2504.16883
2504.17137
2504.17264
2504.17449
2504.17519
2504.17884
2504.18072
2504.18380
2504.18938
2504.19436
2504.20020
2504.20119
2504.20131
2504.20215
2504.20251
2504.20461
2504.20598
2504.20624
2504.21015
2504.21047
2504.21165
2504.21475
2504.21706
2505.00028
2505.00466
2505.00562
2505.00827
2505.01164
2505.01433
2505.01468
2505.01695
2505.02154
2505.02164
2505.02463
2505.02466
2505.03075
2505.03113
2505.03676
2505.03799
2505.03828
2505.04341
2505.04680
2505.05071
2505.05522
2505.06257
2505.06328
2505.06454
2505.06605
2505.06864
2505.07293
2505.07637
2505.07884
2505.07917
2505.08124
2505.08170
2505.08450
2505.08610
2505.08643
2505.09193
2505.09262
2505.09286
2505.09649
2505.09738
2505.10055
2505.10069
2505.10081
2505.10093
2505.10176
2505.10296
2505.10493
2505.10518
2505.11031
2505.11471
2505.11717
2505.11856
2505.11974
2505.11988
2505.12027
2505.12260
2505.12524
2505.12540
2505.12694
2505.12949
2505.12964
2505.12970
2505.13079
2505.13147
2505.13171
2505.13208
2505.13406
2505.13581
2505.14179
2505.14254
2505.14471
2505.14638
2505.14680
2505.14714
2505.14984
2505.15045
2505.15373
2505.15755
2505.15781
2505.16096
2505.16132
2505.16330
2505.16333
2505.16339
2505.17048
2505.17316
2505.17421
2505.17469
2505.17500
2505.17634
2505.17674
2505.17762
2505.17816
2505.17958
2505.18343
2505.18405
2505.18541
2505.18581
2505.18637
2505.18651
2505.18657
2505.18831
2505.18863
2505.19253
2505.19274
2505.19288
2505.19307
2505.19361
2505.19472
2505.19475
2505.19606
2505.19754
2505.19847
2505.20109
2505.20243
2505.20266
2505.20313
2505.20354
2505.20422
2505.20624
2505.20646
2505.20674
2505.20914
2505.20950
2505.21250
2505.21265
2505.21815
2505.21849
2505.21918
2505.21956
2505.22083
2505.22096
2505.22152
2505.22202
2505.22330
2505.22792
2505.23029
2505.23034
2505.23052
2505.23106
2505.23146
2505.23250
2505.23721
2505.23737
2505.23794
2505.23880
2505.23911
2505.24229
2505.24478
2505.24601
2505.24608
2505.24757
2505.24849
2506.00037
2506.00041
2506.00049
2506.00232
2506.00273
2506.00425
2506.00478
2506.00491
2506.00536
2506.00585
2506.00664
2506.00671
2506.00713
2506.00722
2506.00854
2506.00958
2506.01104
2506.01109
2506.01143
2506.01268
2506.01474
2506.01566
2506.01582
2506.01615
2506.01621
2506.01624
2506.01646
2506.01784
2506.01881
2506.01910
2506.01954
2506.02097
2506.02139
2506.02147
2506.02264
2506.02279
2506.02411
2506.02447
2506.02449
2506.02459
2506.02503
2506.02507
2506.02642
2506.02739
2506.02791
2506.02979
2506.03100
2506.03196
2506.03332
2506.03408
2506.03433
2506.03434
2506.03519
2506.03576
2506.03659
2506.03687
2506.03704
2506.03784
2506.03793
2506.03989
2506.04032
2506.04235
2506.04297
2506.04454
2506.04518
2506.04544
2506.04571
2506.04624
2506.04756
2506.04760
2506.04838
2506.04839
2506.04887
2506.05007
2506.05209
2506.05233
2506.05237
2506.05278
2506.05381
2506.05393
2506.05490
2506.05626
2506.05766
2506.05796
2506.05904
2506.05939
2506.05947
2506.06091
2506.06151
2506.06169
2506.06208
2506.06215
2506.06226
2506.06326
2506.06353
2506.06382
2506.06384
2506.06387
2506.06396
2506.06412
2506.06622
2506.06708
2506.06737
2506.06742
2506.06750
2506.06832
2506.06840
2506.07081
2506.07334
2506.07438
2506.07463
2506.07477
2506.07600
2506.07661
2506.07735
2506.07756
2506.07919
2506.07982
2506.07997
2506.08174
2506.08283
2506.08300
2506.08364
2506.08372
2506.08479
2506.08487
2506.08592
2506.08750
2506.08944
2506.08966
2506.08967
2506.09174
2506.09200
2506.09251
2506.09260
2506.09452
2506.09542
2506.09566
2506.09613
2506.09657
2506.09670
2506.09902
2506.09944
2506.09985
2506.10014
2506.10121
2506.10139
2506.10166
2506.10330
2506.10349
2506.10416
2506.10462
2506.10622
2506.10627
2506.10687
2506.10751
2506.10753
2506.10802
2506.10877
2506.10942
2506.10970
2506.10973
2506.11085
2506.11088
2506.11117
2506.11300
2506.11338
2506.11371
2506.11415
2506.11474
2506.11499
2506.11555
2506.11591
2506.11600
2506.11610
2506.11612
2506.11680
2506.11714
2506.11789
2506.12071
2506.12078
2506.12149
2506.12266
2506.12317
2506.12577
2506.12693
2506.12733
2506.12996
2506.13181
2506.13185
2506.13366
2506.13380
2506.13404
2506.13467
2506.13514
2506.13569
2506.13607
2506.13654
2506.13692
2506.13743
2506.13817
2506.13894
2506.13980
2506.14002
2506.14084
2506.14248
2506.14412
2506.14488
2506.14613
2506.14731
2506.14802
2506.14846
2506.14901
2506.15051
2506.15102
2506.15220
2506.15246
2506.15267
2506.15400
2506.15412
2506.15480
2506.15522
2506.15548
2506.15655
2506.15836
2506.15862
2506.15873
2506.15947
2506.15948
2506.15961
2506.16009
2506.16037
2506.16159
2506.16273
2506.16289
2506.16309
2506.16359
2506.16396
2506.16444
2506.16552
2506.16768
2506.16833
2506.16988
2506.17076
2506.17162
2506.17265
2506.17288
2506.17308
2506.17336
2506.17417
2506.17462
2506.17493
2506.17530
2506.17585
2506.17671
2506.17690
2506.17728
2506.17930
2506.17951
2506.18027
2506.18096
2506.18102
2506.18129
2506.18244
2506.18498
2506.18613
2506.18721
2506.18959
2506.19037
2506.19125
2506.19235
2506.19258
2506.19276
2506.19312
2506.19385
2506.19420
2506.19483
2506.19484
2506.19512
2506.19607
2506.19652
2506.19773
2506.19783
2506.19886
2506.20015
2506.20040
2506.20051
2506.20156
2506.20194
2506.20512
2506.20664
2506.20747
2506.20815
2506.20821
2506.20869
2506.20920
2506.21017
2506.21033
2506.21098
2506.21170
2506.21191
2506.21263
2506.21294
2506.21352
2506.21384
2506.21463
2506.21532
2506.21568
2506.21594
2506.21596
2506.21620
2506.21826
2506.21861
2506.22032
2506.22036
2506.22084
2506.22486
2506.22516
2506.22518
2506.22648
2506.22852
2506.22881
2506.22967
2506.23107
2506.23136
2506.23191
2506.23192
2506.23366
2506.23443
2506.23502
2506.23519
2506.23641
2506.23826
2506.23832
2506.23930
2506.24086
2506.24117
2507.00015
2507.00288
2507.00297
2507.00388
2507.00418
2507.00477
2507.00718
2507.00736
2507.00891
2507.00994
2507.01038
2507.01052
2507.01058
2507.01281
2507.01541
2507.01594
2507.01597
2507.01633
2507.01694
2507.01719
2507.01778
2507.01823
2507.01841
2507.01876
2507.01949
2507.02103
2507.02135
2507.02145
2507.02287
2507.02291
2507.02315
2507.02427
2507.02437
2507.02773
2507.02932
2507.02940
2507.02949
2507.02962
2507.02964
2507.03018
2507.03066
2507.03211
2507.03226
2507.03300
2507.03434
2507.03435
2507.03461
2507.03608
2507.03612
2507.03697
2507.03724
2507.03868
2507.03947
2507.04069
2507.04127
2507.04152
2507.04214
2507.04329
2507.04575
2507.04673
2507.04690
2507.04748
2507.04820
2507.04841
2507.04845
2507.04967
2507.05093
2507.05110
2507.05121
2507.05257
2507.05279
2507.05280
2507.05558
2507.05577
2507.05595
2507.05633
2507.05660
2507.05713
2507.05714
2507.05863
2507.05934
2507.05966
2507.05976
2507.06091
2507.06506
2507.06530
2507.06571
2507.06585
2507.06590
2507.06782
2507.06956
2507.07024
2507.07030
2507.07032
2507.07104
2507.07140
2507.07155
2507.07367
2507.07518
2507.07543
2507.07568
2507.07599
2507.07634
2507.07695
2507.07808
2507.07847
2507.07867
2507.07881
2507.07893
2507.08107
2507.08211
2507.08241
2507.08288
2507.08427
2507.08443
2507.08445
2507.08529
2507.08704
2507.08710
2507.08821
2507.08862
2507.08945
2507.09061
2507.09100
2507.09133
2507.09199
2507.09247
2507.09313
2507.09425
2507.09477
2507.09617
2507.09935
2507.09937
2507.10074
2507.10330
2507.10562
2507.10574
2507.10581
2507.10586
2507.10630
2507.11198
2507.11229
2507.11272
2507.11330
2507.11412
2507.11485
2507.11733
2507.11851
2507.11954
2507.11997
2507.12308
2507.12318
2507.12329
2507.12341
2507.12378
2507.12382
2507.12425
2507.12558
2507.12771
2507.12910
2507.12927
2507.12930
2507.13006
2507.13032
2507.13105
2507.13133
2507.13158
2507.13334
2507.13396
2507.13625
2507.13919
2507.13929
2507.13966
2507.14084
2507.14155
2507.14231
2507.14334
2507.14376
2507.14412
2507.14418
2507.14424
2507.14430
2507.14468
2507.14615
2507.14664
2507.14758
2507.14785
2507.14797
2507.14946
2507.15042
2507.15236
2507.15367
2507.15551
2507.15675
2507.15700
2507.15743
2507.15752
2507.15862
2507.15863
2507.15917
2507.15994
2507.16011
2507.16012
2507.16060
2507.16079
2507.16080
2507.16229
2507.16322
2507.16371
2507.16455
2507.16507
2507.16583
2507.16587
2507.16642
2507.16680
2507.16695
2507.16792
2507.16809
2507.16835
2507.16971
2507.17112
2507.17135
2507.17168
2507.17209
2507.17273
2507.17365
2507.17427
2507.17442
2507.17563
2507.17766
2507.17777
2507.17950
2507.17974
2507.18103
2507.18202
2507.18215
2507.18318
2507.18553
2507.18583
2507.18830
2507.18857
2507.18884
2507.18910
2507.18932
2507.18971
2507.19033
2507.19040
2507.19150
2507.19308
2507.19333
2507.19586
2507.19666
2507.19692
2507.19715
2507.19726
2507.19832
2507.19867
2507.19941
2507.19942
2507.19960
2507.19970
2507.20025
2507.20059
2507.20108
2507.20115
2507.20152
2507.20210
2507.20370
2507.20466
2507.20491
2507.20498
2507.20534
2507.20578
2507.20641
2507.20643
2507.20738
2507.20741
2507.20783
2507.20804
2507.20859
2507.20930
2507.20966
2507.21105
2507.21117
2507.21246
2507.21287
2507.21438
2507.21532
2507.21544
2507.21585
2507.21874
2507.21917
2507.22050
2507.22062
2507.22289
2507.22326
2507.22337
2507.22378
2507.22396
2507.22487
2507.22498
2507.22514
2507.22653
2507.22716
2507.22758
2507.22840
2507.22878
2507.22906
2507.22914
2507.22919
2507.22927
2507.22931
2507.22938
2507.22941
2507.23052
2507.23083
2507.23096
2507.23146
2507.23147
2507.23167
2507.23178
2507.23194
2507.23209
2507.23229
2507.23242
2507.23268
2507.23298
2507.23334
2507.23371
2507.23581
2507.23588
2507.23607
2507.23642
2507.23683
2507.23735
2507.23740
2508.00083
2508.00185
2508.00198
2508.00230
2508.00250
2508.00253
2508.00268
2508.00304
2508.00305
2508.00428
2508.00443
2508.00477
2508.00668
2508.00679
2508.00700
2508.00719
2508.00733
2508.00743
2508.00762
2508.00857
2508.00952
2508.01005
2508.01025
2508.01031
2508.01136
2508.01139
2508.01203
2508.01263
2508.01273
2508.01285
2508.01290
2508.01314
2508.01424
2508.01438
2508.01473
2508.01480
2508.01511
2508.01558
2508.01680
2508.01685
2508.01691
2508.01696
2508.01715
2508.01739
2508.01781
2508.01801
2508.01815
2508.01840
2508.01908
2508.01917
2508.01918
2508.01941
2508.01959
2508.02001
2508.02050
2508.02062
2508.02073
2508.02076
2508.02279
2508.02312
2508.02324
2508.02328
2508.02337
2508.02343
2508.02344
2508.02435
2508.02464
2508.02532
2508.02541
2508.02546
2508.02605
2508.02611
2508.02631
2508.02645
2508.02671
2508.02739
2508.02806
2508.02808
2508.02823
2508.02827
2508.02836
2508.02866
2508.02871
2508.02900
2508.02959
2508.02962
2508.02987
2508.02994
2508.02998
2508.02999
2508.03000
2508.03034
2508.03088
2508.03095
2508.03098
2508.03099
2508.03102
2508.03110
2508.03141
2508.03194
2508.03258
2508.03332
2508.03355
2508.03379
2508.03426
2508.03489
2508.03501
2508.03533
2508.03553
2508.03558
2508.03600
2508.03608
2508.03614
2508.03622
2508.03678
2508.03740
2508.03758
2508.03860
2508.03910
2508.03931
2508.03935
2508.03936
2508.03966
2508.03967
2508.03998
2508.04009
2508.04032
2508.04035
2508.04051
2508.04057
2508.04072
2508.04118
2508.04125
2508.04128
2508.04148
2508.04162
2508.04167
2508.04211
2508.04240
2508.04270
2508.04276
2508.04339
2508.04350
2508.04351
2508.04391
2508.04402
2508.04403
2508.04441
2508.04442
2508.04459
2508.04461
2508.04474
2508.04481
2508.04482
2508.04486
2508.04604
2508.04610
2508.04667
2508.04678
2508.04714
2508.04718
2508.04721
2508.04724
2508.04755
2508.04795
2508.04799
2508.04811
2508.04828
2508.04853
2508.04964
2508.05005
2508.05037
2508.05115
2508.05170
2508.05176
2508.05179
2508.05188
2508.05192
2508.05197
2508.05198
2508.05201
2508.05210
2508.05231
2508.05246
2508.05266
2508.05287
2508.05294
2508.05318
2508.05341
2508.05416
2508.05421
2508.05427
2508.05433
2508.05464
2508.05465
2508.05473
2508.05498
2508.05503
2508.05509
2508.05544
2508.05547
2508.05616
2508.05647
2508.05652
2508.05660
2508.05666
2508.05673
2508.05677
2508.05685
2508.05728
2508.05782
2508.05785
2508.05786
2508.05851
2508.05855
2508.05880
2508.05909
2508.05929
2508.05952
2508.05995
2508.06004
2508.06016
2508.06026
2508.06035
2508.06047
2508.06056
2508.06085
2508.06094
2508.06103
2508.06105
2508.06107
2508.06111
2508.06145
2508.06155
2508.06165
2508.06186
2508.06243
2508.06310
2508.06347
2508.06368
2508.06372
2508.06389
2508.06401
2508.06414
2508.06418
2508.06430
2508.06471
2508.06484
2508.06497
2508.06547
2508.06616
2508.06627
2508.06635
2508.06691
2508.06706
2508.06716
2508.06727
2508.06730
2508.06781
2508.06793
2508.06817
2508.06841
2508.06846
2508.06886
2508.06900
2508.06908
2508.06931
2508.06939
2508.06941
2508.06942
2508.06956
2508.07009
2508.07010
2508.07017
2508.07023
2508.07031
2508.07069
2508.07077
2508.07117
2508.07163
2508.07172
2508.07180
2508.07209
2508.07216
2508.07223
2508.07246
2508.07295
2508.07321
2508.07334
2508.07375
2508.07390
2508.07405
2508.07407
2508.07434
2508.07470
2508.07486
2508.07493
2508.07519
2508.07522
2508.07542
2508.07691
2508.07753
2508.07768
2508.07811
2508.07819
2508.07880
2508.07956
2508.07958
2508.07966
2508.07970
2508.08053
2508.08080
2508.08091
2508.08132
2508.08137
2508.08149
2508.08183
2508.08189
2508.08289
2508.08292
2508.08317
2508.08322
2508.08332
2508.08344
2508.08352
2508.08428
2508.08509
2508.08526
2508.08535
2508.08610
2508.08620
2508.08632
2508.08636
2508.08657
2508.08659
2508.08665
2508.08679
2508.08712
2508.08713
2508.08746
2508.08769
2508.08774
2508.08785
2508.08795
2508.08827
2508.08877
2508.08930
2508.08942
2508.08959
2508.08966
2508.09001
2508.09051
2508.09069
2508.09075
2508.09101
2508.09105
2508.09123
2508.09131
2508.09134
2508.09144
2508.09159
2508.09162
2508.09188
2508.09189
2508.09209
2508.09219
2508.09237
2508.09243
2508.09265
2508.09303
2508.09320
2508.09324
2508.09337
2508.09363
2508.09366
2508.09368
2508.09382
2508.09401
2508.09458
2508.09460
2508.09466
2508.09471
2508.09476
2508.09518
2508.09522
2508.09525
2508.09527
2508.09535
2508.09542
2508.09561
2508.09586
2508.09598
2508.09600
2508.09614
2508.09618
2508.09630
2508.09636
2508.09648
2508.09709
2508.09713
2508.09755
2508.09765
2508.09768
2508.09776
2508.09791
2508.09801
2508.09809
2508.09815
2508.09834
2508.09843
2508.09852
2508.09874
2508.09883
2508.09893
2508.09897
2508.09937
2508.09945
2508.09958
2508.09967
2508.09987
2508.09996
2508.10001
2508.10003
2508.10004
2508.10012
2508.10021
2508.10022
2508.10026
2508.10047
2508.10054
2508.10057
2508.10059
2508.10068
2508.10110
2508.10116
2508.10118
2508.10133
2508.10157
2508.10177
2508.10180
2508.10192
2508.10222
2508.10251
2508.10272
2508.10280
2508.10286
2508.10289
2508.10337
2508.10391
2508.10409
2508.10419
2508.10456
2508.10461
2508.10467
2508.10471
2508.10494
2508.10541
2508.10556
2508.10572
2508.10583
2508.10615
2508.10636
2508.10645
2508.10648
2508.10651
2508.10666
2508.10669
2508.10677
2508.10695
2508.10701
2508.10719
2508.10736
2508.10747
2508.10758
2508.10774
2508.10785
2508.10792
2508.10872
2508.10874
2508.10875
2508.10887
2508.10890
2508.10920
2508.10921
2508.10929
2508.10948
2508.10967
2508.10971
2508.10972
2508.10995
2508.11017
2508.11062
2508.11126
2508.11133
2508.11141
2508.11145
2508.11150
2508.11153
2508.11158
2508.11212
2508.11246
2508.11247
2508.11249
2508.11256
2508.11257
2508.11280
2508.11310
2508.11360
2508.11363
2508.11386
2508.11388
2508.11390
2508.11429
2508.11436
2508.11452
2508.11473
2508.11503
2508.11513
2508.11529
2508.11551
2508.11553
2508.11599
2508.11616
2508.11618
2508.11659
2508.11665
2508.11674
2508.11679
2508.11681
2508.11689
2508.11703
2508.11705
2508.11707
2508.11717
2508.11723
2508.11738
2508.11758
2508.11784
2508.11805
2508.11816
2508.11823
2508.11824
2508.11826
2508.11834
2508.11836
2508.11857
2508.11871
2508.11873
2508.11890
2508.11892
2508.11894
2508.11957
2508.11960
2508.12013
2508.12022
2508.12036
2508.12044
2508.12045
2508.12081
2508.12100
2508.12104
2508.12133
2508.12137
2508.12165
2508.12213
2508.12243
2508.12255
2508.12263
2508.12278
2508.12282
2508.12356
2508.12358
2508.12365
2508.12375
2508.12387
2508.12389
2508.12393
2508.12413
2508.12458
2508.12466
2508.12480
2508.12495
2508.12551
2508.12555
2508.12566
2508.12571
2508.12596
2508.12609
2508.12611
2508.12620
2508.12622
2508.12629
2508.12630
2508.12633
2508.12637
2508.12640
2508.12641
2508.12682
2508.12683
2508.12702
2508.12707
2508.12778
2508.12787
2508.12790
2508.12794
2508.12800
2508.12811
2508.12815
2508.12840
2508.12845
2508.12846
2508.12852
2508.12896
2508.12900
2508.12910
2508.12935
2508.12969
2508.12975
2508.12981
2508.13023
2508.13037
2508.13073
2508.13092
2508.13107
2508.13118
2508.13131
2508.13167
2508.13191
2508.13196
2508.13201
2508.13209
2508.13238
2508.13309
2508.13328
2508.13333
2508.13371
2508.13408
2508.13426
2508.13429
2508.13435
2508.13436
2508.13439
2508.13455
2508.13525
2508.13530
2508.13532
2508.13565
2508.13587
2508.13602
2508.13608
2508.13633
2508.13661
2508.13673
2508.13678
2508.13680
2508.13716
2508.13721
2508.13729
2508.13730
2508.13732
2508.13735
2508.13745
2508.13754
2508.13769
2508.13773
2508.13783
2508.13787
2508.13812
2508.13815
2508.13816
2508.13822
2508.13828
2508.13839
2508.13859
2508.13860
2508.13872
2508.13876
2508.13880
2508.13891
2508.13899
2508.13915
2508.13920
2508.13930
2508.13938
2508.13953
2508.13957
2508.13968
2508.13975
2508.13982
2508.14004
2508.14005
2508.14028
2508.14031
2508.14040
2508.14053
2508.14066
2508.14086
2508.14087
2508.14091
2508.14093
2508.14097
2508.14101
2508.14111
2508.14116
2508.14131
2508.14135
2508.14138
2508.14140
2508.14146
2508.14151
2508.14152
2508.14160
2508.14203
2508.14204
2508.14232
2508.14255
2508.14276
2508.14278
2508.14286
2508.14288
2508.14300
2508.14313
2508.14314
2508.14315
2508.14320
2508.14323
2508.14330
2508.14338
2508.14340
2508.14357
2508.14358
2508.14391
2508.14410
2508.14419
2508.14427
2508.14444
2508.14460
2508.14483
2508.14496
2508.14502
2508.14503
2508.14507
2508.14508
2508.14509
2508.14520
2508.14527
2508.14536
2508.14548
2508.14561
2508.14574
2508.14582
2508.14654
2508.14676
2508.14679
2508.14683
2508.14685
2508.14689
2508.14704
2508.14706
2508.14727
2508.14751
2508.14759
2508.14761
2508.14778
2508.14782
2508.14808
2508.14817
2508.14818
2508.14830
2508.14853
2508.14856
2508.14869
2508.14871
2508.14879
2508.14880
2508.14889
2508.14896
2508.14898
2508.14904
2508.14926
2508.14931
2508.14941
2508.14942
2508.14955
2508.14958
2508.14982
2508.14989
2508.15008
2508.15013
2508.15015
2508.15019
2508.15021
2508.15030
2508.15031
2508.15036
2508.15044
2508.15047
2508.15050
2508.15053
2508.15057
2508.15071
2508.15074
2508.15082
2508.15085
2508.15090
2508.15096
2508.15100
2508.15108
2508.15110
2508.15130
2508.15139
2508.15144
2508.15146
2508.15149
2508.15164
2508.15190
2508.15192
2508.15201
2508.15207
2508.15212
2508.15213
2508.15215
2508.15216
2508.15225
2508.15231
2508.15232
2508.15241
2508.15252
2508.15253
2508.15268
2508.15283
2508.15297
2508.15298
2508.15304
2508.15311
2508.15312
2508.15313
2508.15316
2508.15326
2508.15335
2508.15353
2508.15360
2508.15370
2508.15376
2508.15388
2508.15397
2508.15407
2508.15427
2508.15429
2508.15431
2508.15437
2508.15439
2508.15447
2508.15449
2508.15468
2508.15471
2508.15473
2508.15476
2508.15493
2508.15499
2508.15510
2508.15529
2508.15530
2508.15555
2508.15582
2508.15588
2508.15592
2508.15595
2508.15601
2508.15606
2508.15650
2508.15652
2508.15658
2508.15678
2508.15693
2508.15695
2508.15710
2508.15716
2508.15717
2508.15719
2508.15721
2508.15741
2508.15746
2508.15757
2508.15763
2508.15764
2508.15772
2508.15790
2508.15793
2508.15804
2508.15805
2508.15807
2508.15811
2508.15817
2508.15820
2508.15836
2508.15845
2508.15846
2508.15848
2508.15849
2508.15851
2508.15852
2508.15854
2508.15858
2508.15861
2508.15868
2508.15876
2508.15883
2508.15903
2508.15904
2508.15923
2508.15926
2508.15934
2508.15940
2508.15949
2508.15959
2508.15960
2508.15973
2508.15980
2508.15983
2508.15989
2508.15991
2508.16007
2508.16011
2508.16012
2508.16013
2508.16032
2508.16034
2508.16037
2508.16044
2508.16054
2508.16059
2508.16065
2508.16069
2508.16072
2508.16081
2508.16122
2508.16125
2508.16129
2508.16131
2508.16135
2508.16143
2508.16147
2508.16148
2508.16151
2508.16153
2508.16165
2508.16172
2508.16179
2508.16181
2508.16184
2508.16185
2508.16188
2508.16198
2508.16200
2508.16201
2508.16204
2508.16209
2508.16211
2508.16212
2508.16216
2508.16225
2508.16232
2508.16235
2508.16236
2508.16243
2508.16244
2508.16245
2508.16251
2508.16265
2508.16269
2508.16271
2508.16284
2508.16293
2508.16311
2508.16313
2508.16320
2508.16347
2508.16359
2508.16366
2508.16379
2508.16403
2508.16406
2508.16408
2508.16410
2508.16414
2508.16419
2508.16431
2508.16438
2508.16440
2508.16445
2508.16447
2508.16448
2508.16463
2508.16465
2508.16489
2508.16490
2508.16495
2508.16496
2508.16509
2508.16514
2508.16516
2508.16517
2508.16522
2508.16524
2508.16527
2508.16543
2508.16546
2508.16550
2508.16569
2508.16571
2508.16574
2508.16577
2508.16617
2508.16623
2508.16655
2508.16656
2508.16659
2508.16663
2508.16665
2508.16670
2508.16676
2508.16678
2508.16681
2508.16685
2508.16695
2508.16697
2508.16698
2508.16700
2508.16701
2508.16702
2508.16703
2508.16713
2508.16734
2508.16737
2508.16741
2508.16742
2508.16748
2508.16762
2508.16763
2508.16769
2508.16771
2508.16777
2508.16784
2508.16792
2508.16811
2508.16816
2508.16829
2508.16833
2508.16836
2508.16837
2508.16843
2508.16844
2508.16845
2508.16850
2508.16859
2508.16860
2508.16863
2508.16867
2508.16873
2508.16876
2508.16882
2508.16884
2508.16889
2508.16895
2508.16897
2508.16910
2508.16918
2508.16921
2508.16924
2508.16926
2508.16927
2508.16930
2508.16932
2508.16936
2508.16941
2508.16942
2508.16970
2508.16972
2508.16974
2508.16975
2508.16982
2508.16983
2508.16984
2508.16987
2508.16989
2508.16990
2508.16993
2508.16994
2508.16995
2508.16998
2508.17000
2508.17005
2508.17009
2508.17011
2508.17018
2508.17028
2508.17051
2508.17056
2508.17057
2508.17061
2508.17062
2508.17063
2508.17068
2508.17069
2508.17078
2508.17079
2508.17081
2508.17083
2508.17086
2508.17092
2508.17094
2508.17096
2508.17097
2508.17102
2508.17104
2508.17107
2508.17126
2508.17127
2508.17128
2508.17130
2508.17136
2508.17148
2508.17149
2508.17155
2508.17157
2508.17158
2508.17160
2508.17161
2508.17162
2508.17164
2508.17167
2508.17175
2508.17180
2508.17182
2508.17184
2508.17186
2508.17188
2508.17196
2508.17198
2508.17200
2508.17201
2508.17202
2508.17203
2508.17205
2508.17209
2508.17215
2508.17216
2508.17222
2508.17225
2508.17234
2508.17239
2508.17243
2508.17250
2508.17255
2508.17256
2508.17258
2508.17260
2508.17262
2508.17275
2508.17280
2508.17281
2508.17290
2508.17294
2508.17298
2508.17299
2508.17310
2508.17320
2508.17322
2508.17324
2508.17329
2508.17330
2508.17334
2508.17337
2508.17340
2508.17341
2508.17343
2508.17354
2508.17361
2508.17366
2508.17378
2508.17380
2508.17381
2508.17382
2508.17387
2508.17388
2508.17389
2508.17391
2508.17393
2508.17394
2508.17398
2508.17400
2508.17402
2508.17405
2508.17408
2508.17417
2508.17427
2508.17435
2508.17442
2508.17444
2508.17445
2508.17448
2508.17450
2508.17452
2508.17456
2508.17464
2508.17466
2508.17467
2508.17469
2508.17473
2508.17478
2508.17489
2508.17490
2508.17494
2508.17499
2508.17502
2508.17509
2508.17512
2508.17521
2508.17524
2508.17527
2508.17536
2508.17540
2508.17550
2508.17554
2508.17556
2508.17565
2508.17571
2508.17573
2508.17576
2508.17586
2508.17590
2508.17595
2508.17597
2508.17600
2508.17608
2508.17610
2508.17613
2508.17614
2508.17619
2508.17620
2508.17621
2508.17623
2508.17624
2508.17627
2508.17630
2508.17637
2508.17638
2508.17640
2508.17643
2508.17644
2508.17647
2508.17648
2508.17661
2508.17670
2508.17671
2508.17674
2508.17675
2508.17681
2508.17692
2508.17693
2508.17694
2508.17696
2508.17703
2508.17708
2508.17711
2508.17714
2508.17715
2508.17718
2508.17720
2508.17726
2508.17728
2508.17735
2508.17739
2508.17744
2508.17746
2508.17749
2508.17751
2508.17753
2508.17754
2508.17756
2508.17760
2508.17764
2508.17767
2508.17771
2508.17778
2508.17784
2508.17803
2508.17807
2508.17814
2508.17815
2508.17820
2508.17825
2508.17826
2508.17827
2508.17844
2508.17850
2508.17855
2508.17856
2508.17857
2508.17858
2508.17860
2508.17862
2508.17863
2508.17867
2508.17868
2508.17872
2508.17877
2508.17878
2508.17885
2508.17887
2508.17890
2508.17891
2508.17892
2508.17894
2508.17901
2508.17905
2508.17914
2508.17926
2508.17948
2508.17953
2508.17957
2508.17959
2508.17969
2508.17971
2508.17972
2508.17976
2508.17980
2508.17994
2508.18001
2508.18003
2508.18014
2508.18025
2508.18031
2508.18040
2508.18048
2508.18051
2508.18052
2508.18076
2508.18080
2508.18081
2508.18088
2508.18089
2508.18090
2508.18091
2508.18093
2508.18095
2508.18098
2508.18105
2508.18106
2508.18109
2508.18113
2508.18122
2508.18123
2508.18124
2508.18132
2508.18142
2508.18148
2508.18154
2508.18159
2508.18161
2508.18164
2508.18167
2508.18168
2508.18173
2508.18174
2508.18175
2508.18177
2508.18178
2508.18179
2508.18182
2508.18183
2508.18187
2508.18188
2508.18190
2508.18192
2508.18206
2508.18212
2508.18213
2508.18224
2508.18225
2508.18226
2508.18230
2508.18244
2508.18245
2508.18249
2508.18253
2508.18258
2508.18260
2508.18264
2508.18265
2508.18271
2508.18287
2508.18292
2508.18293
2508.18297
2508.18303
2508.18304
2508.18306
2508.18312
2508.18313
2508.18321
2508.18322
2508.18326
2508.18337
2508.18370
2508.18376
2508.18379
2508.18381
2508.18384
2508.18387
2508.18391
2508.18395
2508.18397
2508.18406
2508.18408
2508.18420
2508.18427
2508.18430
2508.18439
2508.18444
2508.18446
2508.18462
2508.18466
2508.18473
2508.18474
2508.18482
2508.18488
2508.18489
2508.18497
2508.18499
2508.18506
2508.18507
2508.18515
2508.18525
2508.18526
2508.18531
2508.18547
2508.18554
2508.18561
2508.18564
2508.18569
2508.18570
2508.18572
2508.18579
2508.18587
2508.18588
2508.18597
2508.18598
2508.18600
2508.18609
2508.18610
2508.18612
2508.18633
2508.18634
2508.18638
2508.18640
2508.18642
2508.18646
2508.18648
2508.18649
2508.18651
2508.18652
2508.18655
2508.18664
2508.18665
2508.18669
2508.18672
2508.18673
2508.18675
2508.18676
2508.18683
2508.18684
2508.18687
2508.18688
2508.18689
2508.18695
2508.18701
2508.18708
2508.18709
2508.18715
2508.18717
2508.18722
2508.18724
2508.18725
2508.18730
2508.18733
2508.18736
2508.18739
2508.18743
2508.18748
2508.18749
2508.18753
2508.18758
2508.18763
2508.18765
2508.18766
2508.18772
2508.18773
2508.18781
2508.18783
2508.18784
2508.18785
2508.18791
2508.18797
2508.18798
2508.18799
2508.18803
2508.18806
2508.18812
2508.18817
2508.18819
2508.18824
2508.18825
2508.18833
2508.18839
2508.18847
2508.18850
2508.18870
2508.18872
2508.18877
2508.18880
2508.18884
2508.18886
2508.18891
2508.18893
2508.18905
2508.18911
2508.18912
2508.18913
2508.18914
2508.18920
2508.18921
2508.18925
2508.18929
2508.18933
2508.18939
2508.18947
2508.18949
2508.18953
2508.18955
2508.18959
2508.18960
2508.18961
2508.18971
2508.18976
2508.18977
2508.18982
2508.18983
2508.18984
2508.18992
2508.18993
2508.19003
2508.19004
2508.19006
2508.19008
2508.19009
2508.19011
2508.19014
2508.19019
2508.19026
2508.19029
2508.19030
2508.19035
2508.19036
2508.19042
2508.19052
2508.19065
2508.19069
2508.19071
2508.19072
2508.19073
2508.19074
2508.19076
2508.19078
2508.19087
2508.19089
2508.19093
2508.19096
2508.19097
2508.19099
2508.19104
2508.19111
2508.19112
2508.19115
2508.19131
2508.19132
2508.19136
2508.19151
2508.19152
2508.19154
2508.19162
2508.19163
2508.19165
2508.19167
2508.19169
2508.19173
2508.19183
2508.19188
2508.19195
2508.19200
2508.19201
2508.19204
2508.19209
2508.19227
2508.19239
2508.19242
2508.19244
2508.19247
2508.19263
2508.19267
2508.19268
2508.19269
2508.19272
2508.19274
2508.19277
2508.19278
2508.19282
2508.19284
2508.19286
2508.19287
2508.19288
2508.19289
2508.19290
2508.19291
2508.19292
2508.19294
2508.19295
2508.19298
2508.19301
2508.19303
2508.19305
2508.19311
2508.19320
2508.19321
2508.19324
2508.19325
2508.19344
2508.19349
2508.19352
2508.19356
2508.19357
2508.19359
2508.19361
2508.19363
2508.19365
2508.19366
2508.19372
2508.19376
2508.19383
2508.19389
2508.19391
2508.19393
2508.19394
2508.19402
2508.19424
2508.19427
2508.19428
2508.19432
2508.19443
2508.19445
2508.19448
2508.19449
2508.19450
2508.19463
2508.19464
2508.19467
2508.19475
2508.19481
2508.19482
2508.19484
2508.19488
2508.19489
2508.19492
2508.19493
2508.19495
2508.19498
2508.19500
2508.19502
2508.19504
2508.19505
2508.19506
2508.19507
2508.19508
2508.19514
2508.19518
2508.19525
2508.19527
2508.19529
2508.19532
2508.19533
2508.19542
2508.19546
2508.19548
2508.19555
2508.19558
2508.19559
2508.19562
2508.19563
2508.19566
2508.19567
2508.19570
2508.19573
2508.19574
2508.19578
2508.19580
2508.19581
2508.19588
2508.19594
2508.19597
2508.19598
2508.19603
2508.19604
2508.19609
2508.19610
2508.19611
2508.19614
2508.19620
2508.19622
2508.19625
2508.19626
2508.19639
2508.19641
2508.19647
2508.19650
2508.19651
2508.19652
2508.19660
2508.19663
2508.19664
2508.19667
2508.19672
2508.19678
2508.19679
2508.19697
2508.19698
2508.19719
2508.19720
2508.19721
2508.19724
2508.19730
2508.19733
2508.19737
2508.19740
2508.19750
2508.19752
2508.19754
2508.19762
2508.19764
2508.19772
2508.19773
2508.19780
2508.19789
2508.19798
2508.19806
2508.19813
2508.19827
2508.19828
2508.19831
2508.19836
2508.19842
2508.19843
2508.19851
2508.19852
2508.19855
2508.19856
2508.19857
2508.19864
2508.19866
2508.19870
2508.19873
2508.19878
2508.19881
2508.19882
2508.19883
2508.19884
2508.19887
2508.19897
2508.19898
2508.19903
2508.19905
2508.19907
2508.19915
2508.19918
2508.19919
2508.19920
2508.19922
2508.19924
2508.19927
2508.19932
2508.19942
2508.19944
2508.19945
2508.19948
2508.19966
2508.19967
2508.19971
2508.19972
2508.19980
2508.19982
2508.19988
2508.19990
2508.19993
2508.19996
2508.19997
2508.19999
2508.20010
2508.20013
2508.20014
2508.20018
2508.20019
2508.20020
2508.20022
2508.20024
2508.20030
2508.20032
2508.20033
2508.20037
2508.20038
2508.20047
2508.20048
2508.20057
2508.20067
2508.20068
2508.20072
2508.20080
2508.20083
2508.20086
2508.20087
2508.20088
2508.20095
2508.20096
2508.20105
2508.20119
2508.20121
2508.20122
2508.20123
2508.20124
2508.20125
2508.20127
2508.20130
2508.20131
2508.20134
2508.20137
2508.20139
2508.20143
2508.20148
2508.20150
2508.20151
2508.20181
2508.20186
2508.20188
2508.20193
2508.20195
2508.20201
2508.20215
2508.20217
2508.20221
2508.20223
2508.20224
2508.20227
2508.20228
2508.20230
2508.20231
2508.20234
2508.20236
2508.20240
2508.20243
2508.20244
2508.20246
2508.20254
2508.20256
2508.20257
2508.20258
2508.20259
2508.20260
2508.20262
2508.20263
2508.20265
2508.20275
2508.20279
2508.20282
2508.20288
2508.20290
2508.20293
2508.20294
2508.20295
2508.20307
2508.20310
2508.20312
2508.20315
2508.20316
2508.20322
2508.20324
2508.20325
2508.20326
2508.20328
2508.20330
2508.20333
2508.20335
2508.20336
2508.20340
2508.20344
2508.20345
2508.20351
2508.20353
2508.20358
2508.20361
2508.20367
2508.20368
2508.20370
2508.20371
2508.20373
2508.20374
2508.20375
2508.20379
2508.20384
2508.20385
2508.20389
2508.20392
2508.20395
2508.20396
2508.20398
2508.20400
2508.20401
2508.20404
2508.20407
2508.20408
2508.20410
2508.20411
2508.20412
2508.20413
2508.20414
2508.20416
2508.20417
2508.20420
2508.20424
2508.20427
2508.20437
2508.20441
2508.20442
2508.20443
2508.20444
2508.20452
2508.20453
2508.20458
2508.20460
2508.20461
2508.20467
2508.20468
2508.20469
2508.20470
2508.20471
2508.20472
2508.20474
2508.20475
2508.20478
2508.20491
2508.20500
2508.20508
2508.20511
2508.20514
2508.20516
2508.20517
2508.20519
2508.20523
2508.20525
2508.20527
2508.20532
2508.20534
2508.20541
2508.20546
2508.20547
2508.20549
2508.20550
2508.20551
2508.20554
2508.20557
2508.20559
2508.20563
2508.20567
2508.20570
2508.20571
2508.20577
2508.20578
2508.20579
2508.20582
2508.20583
2508.20584
2508.20585
2508.20586
2508.20587
2508.20588
2508.20595
2508.20597
2508.20601
2508.20604
2508.20610
2508.20612
2508.20613
2508.20614
2508.20616
2508.20618
2508.20622
2508.20623
2508.20626
2508.20635
2508.20637
2508.20640
2508.20643
2508.20645
2508.20646
2508.20649
2508.20650
2508.20655
2508.20656
2508.20660
2508.20662
2508.20664
2508.20665
2508.20670
2508.20674
2508.20683
2508.20688
2508.20691
2508.20693
2508.20697
2508.20700
2508.20701
2508.20705
2508.20707
2508.20712
2508.20715
2508.20717
2508.20718
2508.20720
2508.20721
2508.20722
2508.20723
2508.20729
2508.20736
2508.20737
2508.20744
2508.20750
2508.20754
2508.20755
2508.20757
2508.20758
2508.20760
2508.20762
2508.20764
2508.20765
2508.20766
2508.20771
2508.20773
2508.20776
2508.20778
2508.20783
2508.20784
2508.20789
2508.20796
2508.20805
2508.20810
2508.20812
2508.20816
2508.20818
2508.20824
2508.20828
2508.20829
2508.20830
2508.20834
2508.20835
2508.20840
2508.20848
2508.20850
2508.20856
2508.20859
2508.20860
2508.20861
2508.20863
2508.20866
2508.20867
2508.20869
2508.20870
2508.20875
2508.20877
2508.20881
2508.20883
2508.20886
2508.20890
2508.20893
2508.20898
2508.20899
2508.20906
2508.20907
2508.20911
2508.20912
2508.20914
2508.20916
2508.20923
2508.20924
2508.20931
2508.20941
2508.20942
2508.20944
2508.20945
2508.20953
2508.20965
2508.20971
2508.20973
2508.20976
2508.20978
2508.20981
2508.20983
2508.20986
2508.20991
2508.20996
2508.21001
2508.21003
2508.21004
2508.21006
2508.21010
2508.21016
2508.21019
2508.21022
2508.21024
2508.21032
2508.21036
2508.21038
2508.21040
2508.21041
2508.21044
2508.21046
2508.21048
2508.21049
2508.21051
2508.21052
2508.21058
2508.21060
2508.21061
2508.21063
2508.21066
2508.21070
2508.21072
